TITLE: IEEE 14 BUS SYSTEM
(
BUS DATA
(NB     Name        Vm		Va      Vb
 1      Bus-1       1.060      0.0  69.0  
 2      Bus-2       1.045    -4.98  69.0
 3      Bus-3       1.010   -12.72  69.0
 4      Bus-4       1.018   -10.33  69.0
 5      Bus-5       1.020    -8.78  69.0
 6      Bus-6       1.070   -14.22  13.8
 7      Bus-7       1.062   -13.37   13.8
 8      Bus-8       1.090   -13.36  18.0
 9      Bus-9       1.056   -14.94  13.8
10      Bus-1       1.051   -15.10  13.8
11      Bus-1       1.057   -14.79  13.8
12      Bus-1       1.055   -15.07  13.8
13      Bus-1       1.050   -15.16  13.8
14      Bus-14      1.036   -16.04  13.8
END BUS
(
GER DATA
(NB     R1      X1      R2      X2      R0      X0		
1       0.00    0.23    0.00    0.23    0.0     0.092	
2       0.0031  0.13    0.0031  0.13    0.0     0.052	
3       0.0031  0.13    0.0031  0.13    0.0     0.052		
6       0.0041  0.12    0.0041  0.12    0.0     0.048	
8       0.0041  0.12    0.0041  0.12    0.0     0.048	
END GER DATA
(
BRANCH DATA
(FROM   TO	    R1      X1      RO      X0
 1       2      0.01938 0.05917 0.04845 0.14793
 1       5      0.05403 0.22304 0.13508 0.5576        
 2       3      0.04699 0.19797 0.11748 0.49493
 2       4      0.05811 0.17632 0.14528 0.4408 
 2       5      0.05695 0.17388 0.14238 0.4347	
 3       4      0.06701 0.17103 0.16753 0.42758
 4       5      0.01335 0.04211 0.03338 0.10528  
 6      11      0.09498 0.1989  0.23745 0.49725
 6      12      0.12291 0.25581 0.30728 0.63953
 6      13      0.06615 0.13027 0.16538 0.32568 
 7       9      0.0     0.11001 0.0     0.275025
 9      10      0.03181 0.0845  0.0     0.221125
 9      14      0.12711 0.27038 0.31778 0.67595
10      11      0.08205 0.19207 0.20513 0.48018
12      13      0.22092 0.19988 0.5523  0.4997
13      14      0.17093 0.34802 0.42733 0.87005
END BRANCH DATA
(
(CONX: 'Yt-Yt', 'Y-Y', 'Yt-D', 'Y-D', 'D-Y', 'D-Yt', 'D-D', 'Yt-Y', 'Y-Yt';
TRAFO DATA
(FROM    TO      R1      X1      R0      X0		VM_TAP  VA_TAP  CON	
4       7       0.0     0.20912 0.0     0.20912	0.978   -30     D-Yt
4       9       0.0     0.55618 0.0     0.55618	0.969   -30     D-Yt
5       6       0.0     0.25202 0.0     0.25202	0.932   -30     D-Yt
7       8       0.0     0.17615 0.0     0.17615	1.00      0     Yt-Yt 
END TRAFO DATA 
(
END

	



